[601, 10, 3, 3, 3, 3, 3, 3, 3, 3, 3, 3, 3, 3]
[601, 30, 3, 3, 3, 3, 3, 3, 3, 3, 3, 3, 3]
[601, 108, 3, 3, 3, 3, 3, 3, 3, 3, 3, 3]
[601, 323, 3, 3, 3, 3, 3, 3, 3, 3, 3]
[601, 718, 3, 3, 3, 3, 3, 3, 3, 3]
[601, 2550, 3, 3, 3, 3, 3, 3, 3]
[601, 2550, 11, 3, 3, 3, 3, 3]
[601, 2550, 41, 3, 3, 3, 3]
[601, 2550, 132, 3, 3, 3]
[601, 2550, 412, 3, 3]
[601, 2550, 1061, 3]
[601, 2550, 3037]
[601, 2550, 3037]
[5]
[5]
[5, 2, 4]
[7, 4]
[12]
[12]
[5, 2, 4]
[7, 4]
[12]
[12]
[3, 3, 4]
[7, 4]
[12]
[12]
[5, 2, 4]
[7, 4]
[12]
[12]
[5, 2, 4]
[7, 4]
[12]
[12]
[5, 2, 4]
[7, 4]
[12]
[12]
[5, 2, 4]
[7, 4]
[12]
[12]
[5, 2, 4]
[7, 4]
[12]
[12]
